0	-84.440315	0.000046	9900.000000
1	-83.640312	0.000051	10300.000000
2	-82.302689	0.000063	10600.000000
3	-80.802917	0.000071	8600.000000
4	-78.416199	0.000097	8500.000000
5	-79.533051	0.000084	8100.000000
6	-79.322563	0.000088	8500.000000
7	-80.706673	0.000075	7500.000000
8	-79.461006	0.000083	7800.000000
9	-79.078651	0.000086	8400.000000
10	-65.205811	0.000449	1200.000000
11	-55.311981	0.001286	2400.000000
12	-55.843025	0.001242	1500.000000
13	-53.526855	0.001676	900.000000
14	-62.003513	0.000650	1300.000000
15	-63.884602	0.000541	1300.000000
16	-65.165764	0.000431	1700.000000
17	-77.627022	0.000104	7700.000000
18	-78.782295	0.000093	8000.000000
19	-80.548943	0.000074	7500.000000
20	-80.273857	0.000078	7000.000000
21	-79.423210	0.000084	8300.000000
22	-78.836098	0.000089	7600.000000
23	-78.356926	0.000097	8200.000000
24	-79.007675	0.000089	8200.000000
25	-79.720947	0.000082	6900.000000
26	-78.344818	0.000096	7700.000000
27	-79.900009	0.000083	8200.000000
28	-78.955681	0.000090	8800.000000
29	-79.222084	0.000088	8900.000000
30	-80.526054	0.000076	7000.000000
31	-80.005028	0.000081	8200.000000
32	-79.499130	0.000083	7700.000000
33	-79.780617	0.000080	6800.000000
34	-79.097092	0.000088	7300.000000
35	-79.167480	0.000088	7200.000000
36	-79.868011	0.000079	6800.000000
37	-78.945755	0.000089	8800.000000
38	-79.390129	0.000083	8300.000000
39	-78.689705	0.000093	7400.000000
40	-79.657402	0.000080	7700.000000
41	-79.425423	0.000084	7300.000000
42	-79.768616	0.000080	8300.000000
43	-80.123032	0.000081	7400.000000
44	-79.290237	0.000086	6700.000000
45	-78.725372	0.000094	8100.000000
46	-79.230545	0.000089	7500.000000
47	-79.144585	0.000086	7000.000000
48	-78.965637	0.000090	8400.000000
49	-79.331223	0.000084	7600.000000
50	-79.850883	0.000081	7800.000000
51	-80.223000	0.000076	6400.000000
52	-79.804718	0.000083	7700.000000
53	-79.357307	0.000085	7400.000000
54	-80.175362	0.000079	7000.000000
55	-79.615555	0.000081	8100.000000
56	-80.185898	0.000079	8700.000000
57	-79.613243	0.000084	7600.000000
58	-80.164841	0.000077	6400.000000
59	-79.553528	0.000082	8100.000000
60	-79.253899	0.000086	8700.000000
61	-80.223000	0.000079	7400.000000
62	-79.763824	0.000080	7300.000000
63	-79.146660	0.000086	7500.000000
64	-79.713837	0.000080	7300.000000
65	-78.742371	0.000092	8500.000000
66	-80.295448	0.000078	7500.000000
67	-79.997437	0.000078	7400.000000
68	-78.700935	0.000094	7800.000000
69	-79.084793	0.000092	8800.000000
70	-80.851852	0.000073	7100.000000
71	-79.215744	0.000091	8000.000000
72	-80.656395	0.000075	7200.000000
73	-79.763824	0.000084	8700.000000
74	-79.407738	0.000083	7500.000000
75	-79.912376	0.000083	7800.000000
76	-79.702019	0.000079	6600.000000
77	-79.850883	0.000083	7800.000000
78	-79.401131	0.000089	8900.000000
79	-79.880295	0.000083	7800.000000
80	-80.032951	0.000080	8300.000000
81	-80.290039	0.000077	6300.000000
82	-80.097107	0.000080	7500.000000
83	-78.914146	0.000089	6900.000000
84	-80.076477	0.000077	6300.000000
85	-79.132141	0.000090	7600.000000
86	-79.645737	0.000083	7800.000000
87	-79.846001	0.000082	7300.000000
88	-79.659744	0.000083	6800.000000
89	-79.858215	0.000080	6400.000000
90	-79.412155	0.000082	7700.000000
91	-79.084793	0.000090	8200.000000
92	-79.109436	0.000088	6700.000000
93	-79.687881	0.000084	7700.000000
94	-79.560379	0.000084	9100.000000
95	-80.252365	0.000077	7700.000000
96	-79.617867	0.000083	7300.000000
97	-79.241142	0.000088	8100.000000
98	-79.370407	0.000085	7600.000000
99	-79.652733	0.000083	7600.000000
100	-78.778473	0.000094	7600.000000
101	-80.212364	0.000072	6700.000000
102	-79.359489	0.000086	7500.000000
103	-80.247017	0.000075	6100.000000
104	-80.136055	0.000078	6500.000000
105	-80.290039	0.000076	6700.000000
106	-70.098915	0.000239	4200.000000
107	-63.994053	0.000523	6100.000000
108	-59.845631	0.000800	7000.000000
109	-62.851616	0.000494	6400.000000
110	-62.716900	0.000594	4600.000000
111	-52.291584	0.001801	8500.000000
112	-45.743713	0.004143	11400.000000
113	-40.210587	0.008177	12000.000000
114	-36.295982	0.012640	11900.000000
115	-36.130981	0.012661	11500.000000
116	-37.439236	0.011237	10900.000000
117	-38.895832	0.009286	11400.000000
118	-39.267864	0.008784	10800.000000
119	-39.339581	0.008474	11000.000000
120	-42.069050	0.006424	10500.000000
121	-45.429623	0.004247	9700.000000
122	-39.896973	0.007791	3500.000000
123	-30.382998	0.024988	1000.000000
124	-27.093119	0.036914	900.000000
125	-24.274925	0.052829	800.000000
126	-25.007196	0.047379	700.000000
127	-21.798880	0.069250	1100.000000
128	-21.119188	0.076267	1100.000000
129	-21.333372	0.072989	1100.000000
130	-22.138050	0.067983	1100.000000
131	-28.250042	0.033537	1400.000000
132	-29.258642	0.028003	1200.000000
133	-29.135593	0.028640	900.000000
134	-29.436594	0.027431	1200.000000
135	-26.140530	0.041572	800.000000
136	-28.114553	0.032258	1000.000000
137	-28.375256	0.033548	700.000000
138	-28.615170	0.029991	200.000000
139	-30.298328	0.024382	700.000000
140	-28.838972	0.030725	400.000000
141	-29.017033	0.031489	500.000000
142	-27.754557	0.036345	400.000000
143	-27.294147	0.038079	400.000000
144	-27.904305	0.034943	400.000000
145	-30.000942	0.028307	400.000000
146	-32.634865	0.020099	400.000000
147	-32.725925	0.018272	200.000000
148	-34.236946	0.015281	400.000000
149	-37.418056	0.011008	300.000000
150	-41.055511	0.007557	400.000000
151	-44.939934	0.004714	700.000000
152	-44.418728	0.004824	600.000000
153	-45.707287	0.004545	600.000000
154	-45.688332	0.004308	500.000000
155	-49.509426	0.002727	700.000000
156	-48.437874	0.002988	300.000000
157	-50.973751	0.002201	1200.000000
158	-49.543514	0.002502	700.000000
159	-48.140987	0.003318	900.000000
160	-52.357800	0.001883	700.000000
161	-49.792759	0.002491	1300.000000
162	-50.287655	0.002448	900.000000
163	-52.445839	0.002040	700.000000
164	-56.363342	0.001300	1000.000000
165	-54.650482	0.001507	1000.000000
166	-53.395058	0.001683	700.000000
167	-56.300037	0.001097	1700.000000
168	-55.314087	0.001419	800.000000
169	-61.677963	0.000678	1000.000000
170	-61.285263	0.000688	1300.000000
171	-56.879333	0.001136	800.000000
172	-55.225395	0.001466	700.000000
173	-61.312298	0.000666	1200.000000
174	-61.474125	0.000687	1400.000000
175	-65.250298	0.000443	1400.000000
176	-63.348713	0.000546	2100.000000
177	-66.703896	0.000376	1300.000000
178	-70.521202	0.000235	3300.000000
179	-72.678932	0.000176	3200.000000
180	-71.374847	0.000217	2500.000000
181	-76.030693	0.000123	5200.000000
182	-76.890945	0.000112	4700.000000
183	-77.133591	0.000109	5800.000000
184	-75.480263	0.000127	4400.000000
185	-76.212837	0.000124	4100.000000
186	-76.489952	0.000117	4300.000000
187	-75.438499	0.000131	3500.000000
188	-72.539261	0.000197	2500.000000
189	-73.025459	0.000176	3000.000000
190	-72.710907	0.000185	3600.000000
191	-72.738365	0.000191	2500.000000
192	-71.211098	0.000229	2000.000000
193	-70.850311	0.000232	2700.000000
194	-59.377827	0.000859	600.000000
195	-56.458984	0.001331	600.000000
196	-50.281696	0.002529	900.000000
197	-43.150948	0.005321	700.000000
198	-36.900494	0.010092	400.000000
199	-34.670296	0.014399	400.000000
200	-33.525070	0.016745	400.000000
201	-33.112736	0.018279	300.000000
202	-31.278147	0.023557	400.000000
203	-29.838718	0.027902	400.000000
204	-29.204046	0.029525	400.000000
205	-29.207567	0.029130	500.000000
206	-29.926947	0.026989	700.000000
207	-30.147175	0.027394	600.000000
208	-33.043179	0.018110	700.000000
209	-34.357479	0.015827	400.000000
210	-33.527866	0.018129	400.000000
211	-33.397446	0.018409	400.000000
212	-33.048210	0.019008	500.000000
213	-33.879528	0.017170	500.000000
214	-33.445900	0.017609	400.000000
215	-31.738325	0.020570	400.000000
216	-31.770117	0.021414	500.000000
217	-31.093981	0.024769	400.000000
218	-30.445570	0.026597	500.000000
219	-30.031569	0.028081	400.000000
220	-29.566126	0.029121	500.000000
221	-27.827990	0.035580	400.000000
222	-28.778181	0.031426	400.000000
223	-28.200598	0.031386	800.000000
224	-28.585342	0.028905	1200.000000
225	-28.755457	0.028979	1100.000000
226	-29.701256	0.025219	1100.000000
227	-30.291494	0.023149	1200.000000
228	-27.682159	0.033880	1100.000000
229	-27.683392	0.035377	1200.000000
230	-28.995955	0.027908	1100.000000
231	-32.369080	0.019116	800.000000
232	-33.655659	0.017383	400.000000
233	-34.547146	0.016075	200.000000
234	-34.546135	0.015578	700.000000
235	-33.321331	0.018784	1200.000000
236	-33.835564	0.018193	300.000000
237	-31.194572	0.025672	200.000000
238	-31.941248	0.021377	500.000000
239	-30.857658	0.022855	600.000000
240	-31.039074	0.022874	800.000000
241	-31.563278	0.022270	700.000000
242	-34.956707	0.014854	500.000000
243	-38.787762	0.009396	400.000000
244	-39.549675	0.009185	400.000000
245	-42.491459	0.006512	600.000000
246	-42.851837	0.005825	800.000000
247	-44.362957	0.004716	600.000000
248	-47.032536	0.003819	1000.000000
249	-46.705730	0.003706	900.000000
250	-45.383148	0.004454	1100.000000
251	-35.391338	0.013176	1100.000000
252	-29.572905	0.026979	900.000000
253	-25.494173	0.045502	900.000000
254	-23.815329	0.055309	1100.000000
255	-27.632423	0.033425	1000.000000
256	-31.034153	0.024268	700.000000
257	-29.260725	0.028602	800.000000
258	-32.423737	0.020659	600.000000
259	-34.936665	0.015227	500.000000
260	-33.746872	0.017443	1100.000000
261	-31.488190	0.021067	400.000000
262	-31.552834	0.021144	500.000000
263	-30.365383	0.025037	400.000000
264	-30.297668	0.025838	200.000000
265	-29.733307	0.027382	400.000000
266	-28.510511	0.032011	400.000000
267	-27.957415	0.034445	500.000000
268	-28.293406	0.033352	400.000000
269	-29.678553	0.029753	400.000000
270	-29.272409	0.030619	400.000000
271	-29.790684	0.027866	700.000000
272	-30.035019	0.026855	600.000000
273	-30.364281	0.025921	600.000000
274	-30.507252	0.024811	600.000000
275	-31.974363	0.019898	800.000000
276	-33.535366	0.017099	700.000000
277	-36.501762	0.012052	500.000000
278	-34.842892	0.014300	300.000000
279	-33.031399	0.018521	400.000000
280	-33.304089	0.018377	400.000000
281	-37.000034	0.011809	600.000000
282	-37.756882	0.010729	400.000000
283	-37.744289	0.011036	400.000000
284	-42.271000	0.006315	400.000000
285	-44.476849	0.004710	600.000000
286	-40.226173	0.007517	900.000000
287	-34.085861	0.016685	600.000000
288	-33.385918	0.016493	600.000000
289	-34.502254	0.016011	700.000000
290	-34.594124	0.014853	900.000000
291	-34.195160	0.015236	700.000000
292	-38.405293	0.009831	1500.000000
293	-37.843140	0.010137	900.000000
294	-39.095036	0.008402	700.000000
295	-39.638138	0.007283	800.000000
296	-41.411594	0.006029	1300.000000
297	-45.885796	0.004343	600.000000
298	-49.351360	0.002848	700.000000
299	-45.848999	0.004147	800.000000
300	-49.371357	0.002766	900.000000
301	-48.071640	0.003158	600.000000
302	-51.278088	0.002350	400.000000
303	-54.515938	0.001505	500.000000
304	-56.900692	0.001156	500.000000
305	-56.328732	0.001222	400.000000
306	-58.419205	0.001053	200.000000
307	-59.354210	0.000889	800.000000
308	-62.079067	0.000668	900.000000
309	-69.171028	0.000258	2600.000000
310	-66.640099	0.000420	200.000000
311	-69.654366	0.000267	2000.000000
312	-71.253067	0.000215	1900.000000
313	-72.608307	0.000187	1500.000000
314	-76.088852	0.000130	5400.000000
315	-76.090904	0.000128	5000.000000
316	-76.810158	0.000121	4700.000000
317	-76.368858	0.000120	6000.000000
318	-76.102226	0.000125	5000.000000
319	-76.029678	0.000126	4800.000000
320	-75.774857	0.000129	5000.000000
321	-76.936905	0.000112	4900.000000
322	-78.494133	0.000099	5900.000000
323	-76.916969	0.000114	4800.000000
324	-79.125938	0.000088	5900.000000
325	-79.492378	0.000083	6800.000000
326	-78.182129	0.000100	6700.000000
327	-78.836098	0.000088	6100.000000
328	-79.449852	0.000087	6800.000000
329	-78.589905	0.000096	7900.000000
330	-78.951714	0.000086	7100.000000
331	-80.058502	0.000079	7300.000000
332	-78.723488	0.000093	8000.000000
333	-78.721603	0.000095	7500.000000
334	-80.228325	0.000077	8300.000000
335	-79.919815	0.000073	7400.000000
336	-78.857422	0.000090	7900.000000
337	-79.537590	0.000084	8300.000000
338	-79.337730	0.000088	8300.000000
339	-78.501289	0.000094	8900.000000
340	-79.947205	0.000081	6900.000000
341	-79.535316	0.000083	7900.000000
342	-78.672913	0.000090	7800.000000
343	-79.485634	0.000085	7900.000000
344	-79.932243	0.000078	5800.000000
345	-79.659744	0.000080	7300.000000
346	-78.955681	0.000089	7500.000000
347	-79.510406	0.000086	7100.000000
348	-80.149117	0.000079	6200.000000
349	-79.294533	0.000088	8300.000000
350	-79.606308	0.000081	7200.000000
351	-78.886665	0.000091	8200.000000
352	-80.358131	0.000077	7500.000000
353	-79.972252	0.000080	7800.000000
354	-79.756653	0.000081	7300.000000
355	-79.357307	0.000085	7500.000000
356	-79.148735	0.000090	7300.000000
357	-79.232658	0.000088	7000.000000
358	-79.841118	0.000079	7700.000000
359	-78.613724	0.000093	7700.000000
360	-55.386013	0.001250	1000.000000
361	-42.930183	0.005524	500.000000
362	-38.850231	0.009081	500.000000
363	-35.277107	0.013342	200.000000
364	-35.976631	0.011965	500.000000
365	-33.601414	0.017348	600.000000
366	-30.362450	0.025725	600.000000
367	-31.104364	0.023234	700.000000
368	-29.261736	0.027596	900.000000
369	-27.310663	0.035187	1100.000000
370	-29.011671	0.029406	800.000000
371	-31.736217	0.019066	700.000000
372	-31.806353	0.019780	1300.000000
373	-30.882416	0.021904	1200.000000
374	-31.358421	0.020600	1300.000000
375	-31.827074	0.019386	1200.000000
376	-30.032995	0.026237	1000.000000
377	-29.697138	0.027779	800.000000
378	-31.880352	0.021159	800.000000
379	-30.650703	0.023162	800.000000
380	-29.316170	0.030220	400.000000
381	-27.445784	0.037487	400.000000
382	-26.939737	0.039454	400.000000
383	-26.546276	0.041307	400.000000
384	-26.443623	0.041531	500.000000
385	-27.120815	0.038586	400.000000
386	-25.996655	0.043725	600.000000
387	-25.911860	0.043053	800.000000
388	-27.081713	0.037678	800.000000
389	-27.011099	0.037890	800.000000
390	-26.591955	0.040598	600.000000
391	-27.334978	0.036830	700.000000
392	-29.054958	0.025886	1000.000000
393	-31.450554	0.021518	800.000000
394	-34.122654	0.016392	400.000000
395	-32.030499	0.022195	500.000000
396	-32.603909	0.019534	500.000000
397	-34.006504	0.017713	100.000000
398	-36.475273	0.012885	500.000000
399	-41.432724	0.007036	200.000000
400	-42.595306	0.006512	400.000000
401	-47.575726	0.003318	500.000000
402	-45.911789	0.003906	3400.000000
403	-43.394024	0.005264	2200.000000
404	-40.592480	0.007518	700.000000
405	-32.515617	0.019530	900.000000
406	-32.020100	0.021358	800.000000
407	-28.384235	0.033516	600.000000
408	-27.189383	0.037308	1100.000000
409	-27.063519	0.036471	800.000000
410	-28.100523	0.031560	800.000000
411	-29.296436	0.030107	500.000000
412	-29.398642	0.028708	400.000000
413	-29.022764	0.029656	400.000000
414	-28.541607	0.033483	400.000000
415	-29.420723	0.029262	500.000000
416	-29.785978	0.028910	400.000000
417	-29.379128	0.028434	400.000000
418	-30.815121	0.024247	500.000000
419	-31.076979	0.022895	400.000000
420	-30.774992	0.025406	400.000000
421	-30.795679	0.025253	400.000000
422	-29.788548	0.027003	700.000000
423	-29.211763	0.029303	600.000000
424	-29.841152	0.027487	400.000000
425	-30.116621	0.025394	800.000000
426	-30.190872	0.025885	400.000000
427	-29.638124	0.027878	600.000000
428	-29.305162	0.029390	400.000000
429	-29.396677	0.028182	900.000000
430	-29.388626	0.028683	700.000000
431	-32.260769	0.020820	400.000000
432	-33.411499	0.017170	400.000000
433	-34.595848	0.015595	400.000000
434	-36.653416	0.011224	500.000000
435	-39.416016	0.008791	400.000000
436	-38.397053	0.009391	700.000000
437	-31.081789	0.024185	800.000000
438	-26.733429	0.039754	1100.000000
439	-24.773001	0.050489	1100.000000
440	-25.475716	0.045818	1200.000000
441	-26.467865	0.041579	1100.000000
442	-27.365513	0.036458	1200.000000
443	-33.139191	0.017933	1300.000000
444	-33.730961	0.018024	1400.000000
445	-36.262894	0.013162	1100.000000
446	-36.875259	0.011846	900.000000
447	-35.070312	0.015177	1000.000000
448	-37.478134	0.011950	600.000000
449	-35.182701	0.014939	400.000000
450	-36.746685	0.012086	800.000000
451	-41.277073	0.007280	500.000000
452	-45.641449	0.004330	800.000000
453	-52.011318	0.002135	800.000000
454	-52.161839	0.002011	1000.000000
455	-53.346752	0.001787	700.000000
456	-57.298157	0.001066	1300.000000
457	-63.535210	0.000583	1200.000000
458	-70.628845	0.000217	3600.000000
459	-74.411598	0.000148	4700.000000
460	-76.690536	0.000118	5000.000000
461	-79.099152	0.000087	5800.000000
462	-77.803276	0.000103	6200.000000
463	-77.480232	0.000105	6500.000000
464	-76.479828	0.000119	4700.000000
465	-78.776566	0.000093	9500.000000
466	-78.723488	0.000089	8800.000000
467	-80.162216	0.000078	7400.000000
468	-79.747101	0.000083	7200.000000
469	-79.650398	0.000083	6900.000000
470	-79.512665	0.000085	6800.000000
471	-80.511810	0.000073	7400.000000
472	-79.583282	0.000082	6700.000000
473	-79.766220	0.000080	7800.000000
474	-79.222084	0.000087	6400.000000
475	-79.405533	0.000086	7200.000000
476	-79.487877	0.000083	7000.000000
477	-80.038055	0.000081	8600.000000
478	-79.711472	0.000082	8600.000000
479	-78.922028	0.000091	7900.000000
480	-79.606308	0.000081	7400.000000
481	-79.109436	0.000090	7300.000000
482	-80.138664	0.000076	6700.000000
483	-80.388435	0.000078	7000.000000
484	-79.039978	0.000089	8200.000000
485	-79.519447	0.000083	7200.000000
486	-79.387932	0.000084	8400.000000
487	-80.233658	0.000078	8000.000000
488	-78.765137	0.000095	9000.000000
489	-79.245392	0.000087	9100.000000
490	-80.421738	0.000075	7100.000000
491	-79.427635	0.000084	7400.000000
492	-62.226215	0.000545	2000.000000
493	-47.768658	0.002414	600.000000
494	-39.226002	0.008310	600.000000
495	-36.466946	0.012961	500.000000
496	-35.707928	0.012973	400.000000
497	-35.858681	0.011333	1200.000000
498	-34.531040	0.012845	1200.000000
499	-32.503338	0.019027	600.000000
500	-31.939112	0.019509	1000.000000
501	-31.381861	0.019954	1100.000000
502	-32.987247	0.015931	800.000000
503	-32.222698	0.019513	400.000000
504	-32.533272	0.019006	500.000000
505	-31.892033	0.021207	500.000000
506	-30.484697	0.026150	400.000000
507	-31.637049	0.022334	500.000000
508	-31.715033	0.022760	400.000000
509	-31.367044	0.023701	400.000000
510	-34.313362	0.016796	400.000000
511	-36.140018	0.013003	400.000000
512	-39.362354	0.009123	400.000000
513	-43.177734	0.005680	500.000000
514	-44.669708	0.004743	500.000000
515	-42.894218	0.006110	200.000000
516	-46.131195	0.003751	800.000000
517	-48.219536	0.003275	500.000000
518	-48.636738	0.003028	600.000000
519	-50.521778	0.002520	200.000000
520	-57.244602	0.001139	600.000000
521	-59.744549	0.000867	500.000000
522	-66.252548	0.000406	800.000000
523	-73.375580	0.000173	3800.000000
524	-73.117760	0.000183	2600.000000
525	-78.306992	0.000095	7600.000000
526	-77.317741	0.000112	5200.000000
527	-78.611885	0.000094	5200.000000
528	-78.396935	0.000097	6600.000000
529	-79.374779	0.000085	8200.000000
530	-79.203102	0.000090	8000.000000
531	-78.678505	0.000094	6900.000000
532	-79.759041	0.000080	8400.000000
533	-79.716202	0.000084	7700.000000
534	-79.169563	0.000089	6400.000000
535	-79.277382	0.000088	7900.000000
536	-80.091942	0.000078	7200.000000
537	-79.316078	0.000086	7700.000000
538	-80.048264	0.000079	8500.000000
539	-80.336227	0.000077	7700.000000
540	-79.387932	0.000085	7100.000000
541	-79.501381	0.000087	8400.000000
542	-79.180016	0.000087	7600.000000
543	-79.865562	0.000083	7300.000000
544	-78.890587	0.000092	8100.000000
545	-78.535439	0.000094	8200.000000
546	-80.511810	0.000077	7400.000000
547	-80.802917	0.000069	5400.000000
548	-79.895073	0.000081	7300.000000
549	-79.412155	0.000088	8100.000000
550	-80.043152	0.000080	6600.000000
551	-79.465469	0.000085	7200.000000
552	-79.361671	0.000086	6800.000000
553	-79.778214	0.000083	7700.000000
554	-79.296684	0.000085	8000.000000
555	-78.767044	0.000094	7400.000000
556	-79.744713	0.000081	7400.000000
557	-79.560379	0.000087	7400.000000
558	-80.421738	0.000075	8100.000000
559	-79.583282	0.000078	6400.000000
560	-80.281937	0.000076	6700.000000
561	-80.265785	0.000076	7700.000000
562	-79.855766	0.000079	6800.000000
563	-78.212173	0.000094	7900.000000
564	-80.130844	0.000078	7300.000000
565	-79.728058	0.000083	8200.000000
566	-79.756653	0.000083	6700.000000
567	-79.629463	0.000080	7200.000000
568	-80.025322	0.000080	6300.000000
569	-79.514923	0.000084	7900.000000
570	-80.366379	0.000075	8400.000000
571	-78.540855	0.000097	7700.000000
572	-79.641083	0.000082	8000.000000
573	-79.234779	0.000086	7100.000000
574	-80.358131	0.000076	6800.000000
575	-79.054184	0.000089	7500.000000
576	-79.551247	0.000084	8800.000000
577	-79.253899	0.000087	7400.000000
578	-80.677025	0.000074	7100.000000
579	-79.669098	0.000077	7100.000000
580	-79.519447	0.000084	7400.000000
581	-78.882759	0.000087	7900.000000
582	-79.909904	0.000078	7800.000000
583	-78.360390	0.000097	8700.000000
584	-79.583282	0.000083	7500.000000
585	-79.962212	0.000078	7100.000000
586	-80.263100	0.000077	8100.000000
587	-79.629463	0.000083	7100.000000
588	-79.203102	0.000089	8500.000000
589	-78.993614	0.000087	7700.000000
590	-80.138664	0.000079	7500.000000
591	-79.300987	0.000087	8800.000000
592	-79.279518	0.000090	7900.000000
593	-79.090942	0.000089	8600.000000
594	-79.134216	0.000088	8400.000000
595	-79.429855	0.000083	7400.000000
596	-78.685966	0.000088	7200.000000
597	-79.305290	0.000087	6600.000000
598	-79.989868	0.000082	8600.000000
599	-80.050819	0.000079	7100.000000
600	-79.576401	0.000082	6800.000000
601	-80.413391	0.000075	7200.000000
602	-79.058258	0.000087	6700.000000
603	-79.749481	0.000081	7600.000000
604	-80.300865	0.000079	8200.000000
605	-79.019760	0.000085	7100.000000
606	-79.974762	0.000082	6900.000000
607	-79.503639	0.000080	7000.000000
608	-79.109436	0.000085	7700.000000
609	-79.597084	0.000082	7600.000000
610	-80.162216	0.000075	7700.000000
611	-80.159592	0.000076	7800.000000
612	-79.355125	0.000083	8000.000000
613	-79.070480	0.000088	8800.000000
614	-79.819244	0.000083	8800.000000
615	-79.523979	0.000082	7500.000000
616	-79.469940	0.000088	8800.000000
617	-79.090942	0.000090	8000.000000
618	-80.027863	0.000078	7300.000000
619	-79.305290	0.000085	7000.000000
620	-78.674774	0.000094	8200.000000
621	-79.562660	0.000087	8900.000000
622	-75.518829	0.000126	2500.000000
623	-62.534595	0.000644	700.000000
624	-53.403221	0.001823	700.000000
625	-41.720287	0.007179	200.000000
626	-37.184433	0.011747	300.000000
627	-35.249138	0.014135	400.000000
628	-34.619404	0.015526	300.000000
629	-32.871773	0.019024	200.000000
630	-31.743206	0.020396	400.000000
631	-30.548803	0.023622	400.000000
632	-28.802965	0.028786	900.000000
633	-30.144766	0.026357	800.000000
634	-29.832401	0.026601	800.000000
635	-28.879322	0.030721	800.000000
636	-29.706772	0.027237	800.000000
637	-29.465973	0.028751	600.000000
638	-29.705549	0.028304	600.000000
639	-29.615755	0.028561	600.000000
640	-30.661436	0.025888	500.000000
641	-30.802864	0.024143	600.000000
642	-32.215588	0.021873	400.000000
643	-34.547714	0.016789	400.000000
644	-33.517082	0.018076	400.000000
645	-31.870043	0.020262	400.000000
646	-31.292524	0.022357	600.000000
647	-29.693645	0.027693	600.000000
648	-29.359964	0.028504	700.000000
649	-28.982901	0.030034	600.000000
650	-29.495520	0.028043	900.000000
651	-29.614756	0.028664	400.000000
652	-29.251215	0.029428	800.000000
653	-29.333359	0.028539	900.000000
654	-28.870747	0.030390	800.000000
655	-29.928959	0.026112	600.000000
656	-30.778137	0.022268	800.000000
657	-32.952221	0.020014	400.000000
658	-34.056862	0.016578	500.000000
659	-34.467159	0.014906	500.000000
660	-36.410366	0.012003	500.000000
661	-36.763813	0.012583	200.000000
662	-37.114357	0.012033	300.000000
663	-31.707079	0.021267	600.000000
664	-30.021517	0.026929	900.000000
665	-26.040192	0.043459	1100.000000
666	-24.757362	0.050768	1100.000000
667	-25.435019	0.046969	1200.000000
668	-27.082287	0.038076	1100.000000
669	-29.624073	0.028781	1200.000000
670	-32.578712	0.019595	1400.000000
671	-35.023674	0.014858	1300.000000
672	-36.187305	0.013427	1200.000000
673	-34.203201	0.015341	1000.000000
674	-41.938877	0.006356	1100.000000
675	-42.708893	0.006315	900.000000
676	-43.197800	0.005798	800.000000
677	-40.167046	0.007581	900.000000
678	-41.615349	0.006531	800.000000
679	-46.560543	0.003882	800.000000
680	-52.418686	0.001944	500.000000
681	-54.288948	0.001424	1500.000000
682	-55.007385	0.001432	900.000000
683	-61.406395	0.000715	800.000000
684	-63.540176	0.000529	1300.000000
685	-71.596558	0.000216	2000.000000
686	-72.524323	0.000184	3400.000000
687	-75.540504	0.000132	4300.000000
688	-78.749947	0.000092	7000.000000
689	-79.198898	0.000087	6500.000000
690	-77.944260	0.000101	6600.000000
691	-79.704384	0.000084	6500.000000
692	-79.023796	0.000090	5700.000000
693	-79.409950	0.000086	7500.000000
694	-79.676132	0.000080	6600.000000
695	-79.025810	0.000087	7500.000000
696	-79.298836	0.000088	7100.000000
697	-79.521713	0.000087	8200.000000
698	-78.859367	0.000091	8900.000000
699	-78.963638	0.000088	8500.000000
700	-79.608620	0.000081	7500.000000
701	-80.330765	0.000077	7900.000000
702	-80.061066	0.000079	8000.000000
703	-80.742516	0.000072	7400.000000
704	-79.792648	0.000082	8000.000000
705	-79.251770	0.000087	8900.000000
706	-80.600883	0.000074	6700.000000
707	-80.133446	0.000079	8400.000000
708	-79.964722	0.000082	8900.000000
709	-79.934731	0.000083	8300.000000
710	-79.436508	0.000088	9200.000000
711	-79.182114	0.000087	8300.000000
712	-78.916115	0.000086	6600.000000
713	-79.383545	0.000087	8400.000000
714	-79.641083	0.000083	7100.000000
715	-79.624817	0.000084	8300.000000
716	-78.626602	0.000091	7100.000000
717	-79.290237	0.000086	7400.000000
718	-79.629463	0.000083	7500.000000
719	-79.372597	0.000084	7700.000000
720	-79.604004	0.000086	7400.000000
721	-80.076477	0.000076	6100.000000
722	-79.657402	0.000083	6600.000000
723	-79.117676	0.000089	7800.000000
724	-80.201759	0.000076	7400.000000
725	-79.207314	0.000089	8300.000000
726	-79.412155	0.000085	7300.000000
727	-79.711472	0.000081	7100.000000
728	-79.620186	0.000080	6700.000000
729	-79.797470	0.000082	8200.000000
730	-78.717842	0.000092	8900.000000
731	-79.144585	0.000086	7600.000000
732	-79.904953	0.000080	8500.000000
733	-80.818146	0.000071	6500.000000
734	-80.363625	0.000076	7800.000000
735	-79.969734	0.000078	7200.000000
736	-79.290237	0.000084	6400.000000
737	-79.865562	0.000084	8000.000000
738	-79.521713	0.000085	8200.000000
739	-79.962212	0.000081	7700.000000
740	-79.494629	0.000084	6500.000000
741	-79.066406	0.000085	8200.000000
742	-79.383545	0.000087	8000.000000
743	-80.058502	0.000079	7000.000000
744	-79.044029	0.000085	6100.000000
745	-79.266685	0.000089	8900.000000
746	-80.099693	0.000078	8200.000000
747	-79.070480	0.000086	7100.000000
748	-79.865562	0.000084	8400.000000
749	-79.622505	0.000081	8300.000000
750	-79.780617	0.000081	7400.000000
751	-81.141167	0.000071	7000.000000
752	-79.359489	0.000090	9200.000000
753	-78.770851	0.000091	7300.000000
754	-78.820656	0.000092	7900.000000
755	-78.663612	0.000094	7600.000000
756	-80.012627	0.000081	7200.000000
757	-80.854927	0.000071	6900.000000
758	-79.452080	0.000083	7000.000000
759	-80.399506	0.000078	5600.000000
760	-79.316078	0.000084	6900.000000
761	-78.611885	0.000096	9000.000000
762	-80.017700	0.000080	7800.000000
763	-79.456535	0.000087	8600.000000
764	-80.123032	0.000077	7700.000000
765	-79.671448	0.000083	6700.000000
766	-79.490128	0.000086	8100.000000
767	-79.576401	0.000084	7900.000000
768	-78.586258	0.000091	8100.000000
769	-79.152893	0.000087	8100.000000
770	-78.611885	0.000093	8700.000000
771	-78.671051	0.000096	7100.000000
772	-79.662079	0.000083	6700.000000
773	-74.877632	0.000123	6500.000000
774	-59.293976	0.000761	1300.000000
775	-49.366516	0.002784	500.000000
776	-40.728779	0.007965	300.000000
777	-33.432545	0.017418	400.000000
778	-33.342426	0.017176	500.000000
779	-33.399204	0.017995	200.000000
780	-32.141178	0.020837	200.000000
781	-31.948219	0.020795	300.000000
782	-30.276718	0.025750	400.000000
783	-32.707775	0.020361	600.000000
784	-31.124374	0.023064	900.000000
785	-28.981504	0.028749	800.000000
786	-27.132231	0.035600	1000.000000
787	-24.723362	0.046783	1100.000000
788	-25.321161	0.042591	1400.000000
789	-24.447319	0.047309	1300.000000
790	-23.616716	0.054078	1100.000000
791	-22.377510	0.065097	1100.000000
792	-21.572884	0.071821	1100.000000
793	-22.435091	0.066418	1200.000000
794	-25.543791	0.045374	1100.000000
795	-27.083328	0.036902	1200.000000
796	-27.755938	0.034244	1200.000000
797	-27.458044	0.035317	900.000000
798	-28.320066	0.031419	400.000000
799	-30.273628	0.027316	400.000000
800	-29.844233	0.027775	600.000000
801	-30.608255	0.025618	900.000000
802	-32.640057	0.019679	3200.000000
803	-36.152847	0.012597	6600.000000
804	-40.214886	0.007989	5100.000000
805	-39.176224	0.008972	8000.000000
806	-40.035061	0.007910	8000.000000
807	-40.455631	0.007575	9900.000000
808	-39.580460	0.008552	8600.000000
809	-42.083485	0.006436	4500.000000
810	-43.161839	0.005881	1900.000000
811	-36.463669	0.012615	900.000000
812	-30.587257	0.026071	600.000000
813	-29.435167	0.030231	700.000000
814	-26.921705	0.037696	800.000000
815	-28.051155	0.030989	900.000000
816	-30.797270	0.021687	800.000000
817	-35.941154	0.012185	400.000000
818	-41.648510	0.006939	300.000000
819	-45.653385	0.004512	700.000000
820	-45.708923	0.004480	800.000000
821	-45.433418	0.004457	1400.000000
822	-44.944763	0.004754	800.000000
823	-40.089142	0.006936	1300.000000
824	-32.441730	0.017629	900.000000
825	-30.410538	0.024413	800.000000
826	-32.013752	0.021658	800.000000
827	-31.524675	0.022223	800.000000
828	-32.206066	0.020287	600.000000
829	-36.875881	0.011358	800.000000
830	-40.661987	0.007311	1000.000000
831	-42.734318	0.005453	1400.000000
832	-39.969872	0.007341	900.000000
833	-38.266251	0.009805	200.000000
834	-40.428333	0.007958	900.000000
835	-46.455666	0.004158	500.000000
836	-51.187634	0.002317	1500.000000
837	-51.961792	0.001875	2300.000000
838	-57.486717	0.001054	3100.000000
839	-64.757072	0.000472	4200.000000
840	-66.994476	0.000364	4300.000000
841	-67.629509	0.000333	5600.000000
842	-57.716808	0.001074	1000.000000
843	-53.038559	0.001799	1400.000000
844	-43.438084	0.004838	1000.000000
845	-32.775410	0.019452	700.000000
846	-31.160837	0.023104	700.000000
847	-26.594015	0.039136	900.000000
848	-26.376869	0.039374	900.000000
849	-26.727804	0.039437	900.000000
850	-30.192089	0.026258	800.000000
851	-33.187084	0.017947	1000.000000
852	-35.533737	0.013517	600.000000
853	-36.786045	0.011522	500.000000
854	-36.894924	0.012434	300.000000
855	-37.639503	0.011307	300.000000
856	-37.913651	0.011110	500.000000
857	-40.373722	0.008166	500.000000
858	-42.897160	0.005586	700.000000
859	-49.612419	0.002658	800.000000
860	-54.464096	0.001684	600.000000
861	-53.707260	0.001665	1200.000000
862	-42.148888	0.005070	1300.000000
863	-30.313627	0.025968	900.000000
864	-26.023020	0.041797	1000.000000
865	-21.137117	0.077911	1100.000000
866	-21.262268	0.077243	1100.000000
867	-24.770676	0.050129	1100.000000
868	-26.995138	0.038052	1100.000000
869	-33.113403	0.018391	900.000000
870	-33.761120	0.017413	500.000000
871	-33.837891	0.017199	1100.000000
872	-37.332027	0.010480	1100.000000
873	-37.670425	0.010509	900.000000
874	-37.895496	0.011026	1100.000000
875	-41.199951	0.007576	1100.000000
876	-42.898533	0.005588	1300.000000
877	-36.676025	0.010150	1300.000000
878	-31.057365	0.022098	1600.000000
879	-27.653028	0.033395	1100.000000
880	-27.401651	0.034904	1000.000000
881	-30.993856	0.022647	900.000000
882	-32.914589	0.018812	400.000000
883	-38.790764	0.009522	1000.000000
884	-42.044964	0.006274	1000.000000
885	-40.104362	0.007841	1000.000000
886	-37.203217	0.012243	500.000000
887	-37.524384	0.011325	200.000000
888	-38.972523	0.009418	900.000000
889	-44.404072	0.005080	3500.000000
890	-44.355667	0.004938	5100.000000
891	-44.970108	0.004354	10300.000000
892	-47.108719	0.003683	12000.000000
893	-46.299694	0.003979	12100.000000
894	-46.946594	0.003600	11100.000000
895	-47.734127	0.003418	9500.000000
896	-51.087574	0.002211	5900.000000
897	-40.270218	0.006966	1800.000000
898	-34.532318	0.014330	1100.000000
899	-30.939005	0.023780	600.000000
900	-30.064676	0.027454	500.000000
901	-29.939463	0.026876	600.000000
902	-30.972748	0.025225	400.000000
903	-30.702936	0.025443	400.000000
904	-29.335846	0.029785	500.000000
905	-27.977859	0.035141	400.000000
906	-28.099594	0.034803	400.000000
907	-27.901016	0.034260	500.000000
908	-27.889647	0.035493	400.000000
909	-28.491064	0.031026	900.000000
910	-28.730865	0.030781	800.000000
911	-30.175354	0.025708	400.000000
912	-30.162996	0.025911	600.000000
913	-30.389469	0.025438	400.000000
914	-30.658136	0.023236	900.000000
915	-33.822098	0.017953	400.000000
916	-34.920872	0.016294	400.000000
917	-32.549374	0.018860	800.000000
918	-28.445642	0.030795	900.000000
919	-29.264688	0.028497	900.000000
920	-31.330534	0.021148	900.000000
921	-30.570738	0.024837	800.000000
922	-32.469334	0.019780	800.000000
923	-37.554325	0.010107	1000.000000
924	-40.966995	0.007824	900.000000
925	-43.073093	0.005481	1000.000000
926	-39.384995	0.007826	1000.000000
927	-34.232262	0.015870	1100.000000
928	-32.418686	0.020430	1000.000000
929	-34.511757	0.015403	800.000000
930	-32.450588	0.018219	1200.000000
931	-30.098583	0.026288	1100.000000
932	-35.084221	0.013444	1100.000000
933	-32.573479	0.019604	700.000000
934	-33.618443	0.017344	900.000000
935	-37.067730	0.011472	800.000000
936	-38.129669	0.009534	600.000000
937	-37.918858	0.009403	800.000000
938	-39.249569	0.008593	800.000000
939	-37.927269	0.010165	700.000000
940	-36.991272	0.010753	700.000000
941	-36.891247	0.010944	600.000000
942	-36.342487	0.012886	700.000000
943	-37.384411	0.010855	1000.000000
944	-37.612488	0.011032	900.000000
945	-36.403381	0.012514	900.000000
946	-36.248535	0.012384	900.000000
947	-35.607632	0.012494	900.000000
948	-36.158344	0.011798	800.000000
949	-37.628853	0.010212	900.000000
950	-36.719772	0.011278	900.000000
951	-39.904045	0.007818	800.000000
952	-40.899555	0.007399	700.000000
953	-40.488514	0.008207	900.000000
954	-43.906250	0.004862	900.000000
955	-49.011265	0.002806	700.000000
956	-47.053402	0.003569	800.000000
957	-42.751801	0.006466	300.000000
958	-44.794529	0.004804	500.000000
959	-44.268284	0.004716	400.000000
960	-40.996017	0.007457	600.000000
961	-45.437332	0.004101	1200.000000
962	-47.147217	0.003689	900.000000
963	-45.715408	0.004041	1000.000000
964	-46.220482	0.004073	700.000000
965	-49.664211	0.002789	1000.000000
966	-51.056805	0.002283	1000.000000
967	-54.115833	0.001620	1200.000000
968	-54.351913	0.001476	700.000000
969	-60.559883	0.000786	900.000000
970	-65.398888	0.000415	2400.000000
971	-73.852318	0.000162	2900.000000
972	-73.432594	0.000171	3000.000000
973	-77.715752	0.000101	6900.000000
974	-79.092987	0.000089	5500.000000
975	-78.542664	0.000093	7600.000000
976	-79.292389	0.000087	7000.000000
977	-79.530777	0.000083	6700.000000
978	-78.667328	0.000090	6400.000000
979	-79.283806	0.000087	8400.000000
980	-78.748055	0.000092	7600.000000
981	-80.271164	0.000074	7000.000000
982	-78.702812	0.000090	7600.000000
983	-78.643219	0.000093	8200.000000
984	-78.965637	0.000092	7700.000000
985	-79.076607	0.000088	7800.000000
986	-80.446884	0.000076	7200.000000
987	-79.848442	0.000078	5500.000000
988	-79.292389	0.000087	7100.000000
989	-79.606308	0.000084	7400.000000
990	-79.730438	0.000084	8600.000000
991	-79.494629	0.000084	8700.000000
992	-78.671051	0.000091	7800.000000
993	-79.617867	0.000087	8000.000000
994	-79.833817	0.000081	7800.000000
995	-79.737572	0.000080	8100.000000
996	-79.512665	0.000083	7300.000000
997	-79.209419	0.000087	6100.000000
998	-78.501289	0.000096	8000.000000
999	-78.521027	0.000096	8400.000000
1000	-79.984825	0.000081	7800.000000
1001	-78.830307	0.000087	8000.000000
1002	-80.597984	0.000070	5600.000000
1003	-79.553528	0.000084	7800.000000
1004	-79.300987	0.000087	7400.000000
1005	-79.697304	0.000082	8000.000000
1006	-78.382973	0.000094	7400.000000
1007	-79.553528	0.000082	6000.000000
1008	-77.643150	0.000104	5900.000000
1009	-77.856956	0.000105	8700.000000
1010	-79.558090	0.000085	7300.000000
1011	-78.332748	0.000100	7700.000000
1012	-78.001320	0.000100	5800.000000
1013	-78.600883	0.000094	5400.000000
1014	-79.848442	0.000079	7400.000000
1015	-79.463234	0.000088	7000.000000
1016	-80.491943	0.000075	7300.000000
1017	-79.887672	0.000079	7400.000000
1018	-79.072525	0.000090	9100.000000
1019	-78.355194	0.000094	6400.000000
1020	-79.932243	0.000080	7400.000000
1021	-79.099152	0.000091	7900.000000
1022	-79.177925	0.000091	7700.000000
1023	-79.673790	0.000081	6800.000000
1024	-79.544418	0.000083	7900.000000
1025	-78.933876	0.000092	7600.000000
1026	-79.211525	0.000088	8600.000000
1027	-80.180626	0.000079	7100.000000
1028	-79.173744	0.000090	8800.000000
1029	-79.256027	0.000088	7500.000000
1030	-80.204407	0.000080	6500.000000
1031	-79.751869	0.000083	7000.000000
1032	-79.438728	0.000086	7400.000000
1033	-79.870468	0.000082	7800.000000
1034	-79.099152	0.000089	7300.000000
1035	-79.123871	0.000085	7500.000000
1036	-79.759041	0.000082	6700.000000
1037	-78.999634	0.000089	7600.000000
1038	-80.580612	0.000076	7500.000000
1039	-79.005661	0.000088	7800.000000
1040	-80.766571	0.000071	6000.000000
1041	-79.617867	0.000084	7800.000000
1042	-79.643410	0.000086	7100.000000
1043	-80.839569	0.000073	7900.000000
1044	-79.749481	0.000081	7100.000000
1045	-80.123032	0.000079	7600.000000
1046	-79.226311	0.000086	7200.000000
1047	-79.564949	0.000086	7200.000000
1048	-79.215744	0.000091	6500.000000
1049	-79.669098	0.000085	7400.000000
1050	-79.539864	0.000083	7800.000000
1051	-79.863113	0.000081	6900.000000
1052	-79.685532	0.000084	7400.000000
1053	-79.363853	0.000084	7600.000000
1054	-78.812958	0.000089	6700.000000
1055	-79.311760	0.000083	7300.000000
1056	-79.974762	0.000081	7300.000000
1057	-78.953697	0.000092	8100.000000
1058	-80.201759	0.000079	8100.000000
1059	-79.977272	0.000079	6800.000000
1060	-80.015160	0.000082	8200.000000
1061	-79.128006	0.000087	7500.000000
1062	-79.723312	0.000081	6100.000000
1063	-80.671120	0.000076	7900.000000
1064	-79.652733	0.000083	8200.000000
1065	-79.107376	0.000086	7300.000000
1066	-80.199112	0.000076	7100.000000
1067	-78.635826	0.000096	8100.000000
1068	-79.997437	0.000076	7200.000000
1069	-80.656395	0.000075	7300.000000
1070	-79.029854	0.000090	9500.000000
1071	-79.690231	0.000083	8700.000000
1072	-79.814392	0.000081	7800.000000
1073	-79.113556	0.000088	6200.000000
1074	-79.123871	0.000090	8400.000000
1075	-79.737572	0.000081	6900.000000
1076	-78.689705	0.000095	7700.000000
1077	-79.512665	0.000089	8000.000000
1078	-79.346420	0.000085	7400.000000
1079	-80.038055	0.000077	6000.000000
1080	-78.797600	0.000094	8900.000000
1081	-78.678505	0.000092	7300.000000
1082	-79.211525	0.000090	6800.000000
1083	-79.799889	0.000082	7700.000000
1084	-78.971611	0.000089	8200.000000
1085	-79.678482	0.000082	6900.000000
1086	-79.716202	0.000081	8500.000000
1087	-79.819244	0.000080	7200.000000
1088	-79.337730	0.000081	7900.000000
1089	-79.683182	0.000084	7700.000000
1090	-81.037224	0.000068	6600.000000
1091	-77.736717	0.000101	6600.000000
1092	-64.043800	0.000518	1000.000000
1093	-60.391396	0.000826	800.000000
1094	-68.092575	0.000323	2600.000000
1095	-77.524323	0.000096	6800.000000
1096	-79.029854	0.000090	7400.000000
1097	-78.755638	0.000093	6900.000000
1098	-79.496880	0.000083	7200.000000
1099	-79.816818	0.000082	6700.000000
1100	-78.923996	0.000091	8000.000000
1101	-79.458771	0.000086	8000.000000
1102	-80.143890	0.000081	8100.000000
1103	-79.747101	0.000083	7900.000000
1104	-79.434288	0.000084	8100.000000
1105	-78.937836	0.000092	7400.000000
1106	-80.061066	0.000079	7500.000000
1107	-79.544418	0.000083	6400.000000
1108	-78.641365	0.000091	7700.000000
1109	-80.402283	0.000077	7700.000000
1110	-78.153946	0.000097	7400.000000
1111	-80.438484	0.000077	8000.000000
1112	-79.121803	0.000091	7600.000000
1113	-79.702019	0.000080	7500.000000
1114	-79.939720	0.000079	8100.000000
1115	-79.165390	0.000085	7500.000000
1116	-79.982307	0.000077	7100.000000
1117	-78.682236	0.000094	7700.000000
1118	-79.256027	0.000088	7500.000000
1119	-79.853325	0.000083	7400.000000
1120	-78.888626	0.000091	8000.000000
1121	-79.333389	0.000086	6800.000000
1122	-79.900009	0.000081	7800.000000
1123	-79.434288	0.000082	7900.000000
1124	-79.641083	0.000082	7700.000000
1125	-79.115616	0.000087	7800.000000
1126	-79.294533	0.000086	7200.000000
1127	-79.251770	0.000091	8500.000000
1128	-79.398926	0.000084	7200.000000
1129	-78.912178	0.000092	7000.000000
1130	-79.692589	0.000082	7300.000000
1131	-78.755638	0.000091	9500.000000
1132	-79.833817	0.000081	6700.000000
1133	-79.309601	0.000088	7400.000000
1134	-79.285950	0.000083	7600.000000
1135	-80.058502	0.000080	8000.000000
1136	-79.503639	0.000084	6900.000000
1137	-79.230545	0.000084	7400.000000
